1 0.035875
2 0.03475
3 0.031
4 0.03475
5 0.03924999999999999
6 0.034874999999999996
7 0.030375
8 0.032125
9 0.03
10 0.034875
11 0.032125
12 0.03325
13 0.036125000000000004
14 0.034875
15 0.03175
16 0.03175
17 0.036125000000000004
18 0.035625
19 0.03225
20 0.03275
21 0.032375
22 0.032
23 0.032875
24 0.0315
25 0.03125
26 0.034125
27 0.038875
28 0.035625000000000004
29 0.03275
30 0.033
31 0.029375
32 0.027
33 0.028625
34 0.02775
35 0.02775
36 0.02775
37 0.027625
38 0.027499999999999997
39 0.028875
40 0.0265
41 0.027999999999999997
42 0.0275
43 0.02675
44 0.027375
45 0.026625
46 0.032625
47 0.028249999999999997
48 0.02925
49 0.030125
1 0.02575
2 0.022375
3 0.02175
4 0.024124999999999997
5 0.023374999999999996
6 0.022749999999999996
7 0.022125
8 0.024624999999999998
9 0.022749999999999996
10 0.025249999999999998
11 0.027124999999999996
12 0.022499999999999996
13 0.023374999999999996
14 0.022874999999999996
15 0.022249999999999995
16 0.022249999999999995
17 0.022375
18 0.022374999999999996
19 0.023624999999999997
20 0.022249999999999995
21 0.0225
22 0.023124999999999996
23 0.023749999999999997
24 0.024124999999999997
25 0.022624999999999996
26 0.023874999999999997
27 0.023249999999999996
28 0.024499999999999997
29 0.022749999999999996
30 0.023124999999999996
31 0.022874999999999996
32 0.022374999999999996
33 0.023249999999999996
34 0.022625
35 0.023124999999999996
36 0.024374999999999997
37 0.023374999999999996
38 0.023124999999999996
39 0.023499999999999997
40 0.023499999999999997
41 0.023624999999999997
42 0.024624999999999998
43 0.024499999999999997
44 0.023624999999999997
45 0.023249999999999996
46 0.024124999999999997
47 0.023874999999999997
48 0.025374999999999998
49 0.024874999999999998
50 0.024374999999999997
51 0.024124999999999997
52 0.023999999999999997
53 0.025249999999999998
54 0.023874999999999997
55 0.024624999999999998
56 0.024249999999999997
57 0.023249999999999996
58 0.024249999999999997
59 0.024499999999999997
60 0.024749999999999998
61 0.024374999999999997
62 0.024874999999999998
63 0.024749999999999998
64 0.024999999999999998
65 0.024874999999999998
66 0.024249999999999997
67 0.025374999999999998
68 0.026
69 0.024624999999999998
70 0.023999999999999997
71 0.024124999999999997
72 0.024249999999999997
73 0.024249999999999997
74 0.02625
75 0.02575
76 0.025875
77 0.023749999999999997
78 0.024999999999999998
79 0.025499999999999995
80 0.023999999999999997
81 0.025249999999999998
82 0.024624999999999998
83 0.02725
84 0.026625
85 0.024874999999999998
86 0.026
87 0.02975
88 0.029375
89 0.029500000000000002
90 0.027499999999999997
91 0.030125
92 0.025124999999999998
93 0.024249999999999997
94 0.028499999999999998
95 0.02625
96 0.025124999999999998
97 0.023874999999999997
98 0.023749999999999997
99 0.026249999999999996
100 0.023999999999999997
101 0.024499999999999997
102 0.022874999999999996
103 0.023124999999999996
104 0.023499999999999997
105 0.023374999999999996
106 0.024124999999999997
107 0.023999999999999997
108 0.024249999999999997
109 0.024624999999999998
110 0.024374999999999997
111 0.024499999999999997
112 0.03075
113 0.02725
114 0.025875
115 0.024249999999999997
116 0.024249999999999997
117 0.023374999999999996
118 0.023374999999999996
119 0.023374999999999996
120 0.022999999999999996
121 0.023249999999999996
122 0.023874999999999997
123 0.023499999999999997
124 0.023499999999999997
125 0.024999999999999998
126 0.02625
127 0.027124999999999996
128 0.025124999999999998
129 0.024124999999999997
130 0.025249999999999998
131 0.023874999999999997
132 0.023374999999999996
133 0.023499999999999997
134 0.023874999999999997
135 0.023999999999999997
136 0.024999999999999998
137 0.024249999999999997
138 0.023999999999999997
139 0.023624999999999997
140 0.024499999999999997
141 0.024499999999999997
142 0.023749999999999997
143 0.024624999999999998
144 0.024124999999999997
145 0.024124999999999997
146 0.025374999999999998
147 0.024624999999999998
148 0.025875
149 0.024374999999999997
150 0.024749999999999998
151 0.024374999999999997
152 0.024749999999999998
153 0.023749999999999997
154 0.024499999999999997
155 0.024624999999999998
156 0.024874999999999998
157 0.025249999999999998
158 0.023999999999999997
159 0.023999999999999997
160 0.023999999999999997
161 0.024374999999999997
162 0.0255
163 0.023999999999999997
164 0.023624999999999997
165 0.024249999999999997
166 0.024499999999999997
167 0.024624999999999998
168 0.023749999999999997
169 0.023749999999999997
170 0.023999999999999997
171 0.024999999999999998
172 0.024874999999999998
173 0.023999999999999997
174 0.024749999999999998
175 0.024749999999999998
176 0.024749999999999998
177 0.025249999999999998
178 0.026375
179 0.0265
180 0.028375
181 0.028625
182 0.036625000000000005
183 0.031249999999999997
184 0.028749999999999998
185 0.0275
186 0.029124999999999998
187 0.029875
188 0.028375
189 0.027999999999999997
190 0.028125
191 0.028875
192 0.029625
193 0.030000000000000002
194 0.02875
195 0.027875
196 0.028375
197 0.028499999999999998
198 0.03
199 0.029875
1 0.022874999999999996
21 0.0205
41 0.020999999999999998
61 0.024124999999999997
81 0.021124999999999998
101 0.02175
121 0.022999999999999996
141 0.022999999999999996
161 0.0275
181 0.025625
201 0.026
221 0.02725
241 0.02725
261 0.029375
281 0.030000000000000002
301 0.031625
321 0.032
341 0.0335
361 0.038125
381 0.046375
401 0.0435
421 0.042374999999999996
441 0.041749999999999995
461 0.04424999999999999
481 0.04537499999999999
501 0.04724999999999999
521 0.048999999999999995
541 0.05225
561 0.053625
581 0.056499999999999995
601 0.059
621 0.06275
641 0.064375
661 0.068125
681 0.07025
701 0.073
721 0.078375
741 0.0795
761 0.08287499999999999
781 0.08487499999999999
801 0.08849999999999998
821 0.09174999999999998
841 0.09512499999999999
861 0.10024999999999999
881 0.102625
901 0.10925
921 0.11462499999999999
941 0.119625
961 0.12275
981 0.13125
1001 0.138625
1021 0.13487500000000002
1041 0.14150000000000001
1061 0.14075000000000001
1081 0.14925
1101 0.15337499999999998
1121 0.15512499999999999
1141 0.16275
1161 0.17124999999999999
1181 0.171875
1201 0.17475
1221 0.18162499999999995
1241 0.185125
1261 0.1885
1281 0.19512500000000002
1301 0.202875
1321 0.21100000000000002
1341 0.21400000000000002
1361 0.21925000000000003
1381 0.22425000000000003
1401 0.22837500000000002
1421 0.23275
1441 0.241625
1461 0.245875
1481 0.25125
1501 0.259875
1521 0.26425000000000004
1541 0.27412500000000006
1561 0.28550000000000003
1581 0.288
1601 0.298
1621 0.3035
1641 0.31187500000000007
1661 0.313125
1681 0.330375
1701 0.33925
1721 0.3395
1741 0.34850000000000003
1761 0.355375
1781 0.368
1801 0.37712499999999993
1821 0.393
1841 0.39087500000000003
1861 0.414375
1881 0.4155
1901 0.41274999999999995
1921 0.423375
1941 0.431875
1961 0.441875
1981 0.44275
